[0.0, 0.0, 0.0, 0.0]
[0.0, 2.8125, 5.625, 8.4375]
[0.0, 5.625, 11.25, 16.875]
[0.0, 8.4375, 16.875, 25.3125]
[0.0, 11.25, 22.5, 33.75]
[0.0, 14.0625, 28.125, 42.1875]
[0.0, 16.875, 33.75, 50.625]
[0.0, 19.6875, 39.375, 59.0625]
[0.0, 22.5, 45.0, 67.5]
[0.0, 25.3125, 50.625, 75.9375]
[0.0, 28.125, 56.25, 84.375]
[0.0, 30.9375, 61.875, 92.8125]
[0.0, 33.75, 67.5, 101.25]
[0.0, 36.5625, 73.125, 109.6875]
[0.0, 39.375, 78.75, 118.125]
[0.0, 42.1875, 84.375, 126.5625]
[0.0, 45.0, 90.0, 135.0]
[0.0, 47.8125, 95.625, 143.4375]
[0.0, 50.625, 101.25, 151.875]
[0.0, 53.4375, 106.875, 160.3125]
[0.0, 56.25, 112.5, 168.75]
[0.0, 59.0625, 118.125, 177.1875]
[0.0, 61.875, 123.75, 185.625]
[0.0, 64.6875, 129.375, 194.0625]
[0.0, 67.5, 135.0, 202.5]
[0.0, 70.3125, 140.625, 210.9375]
[0.0, 73.125, 146.25, 219.375]
[0.0, 75.9375, 151.875, 227.8125]
[0.0, 78.75, 157.5, 236.25]
[0.0, 81.5625, 163.125, 244.6875]
[0.0, 84.375, 168.75, 253.125]
[0.0, 87.1875, 174.375, 261.5625]
[0.0, 90.0, 180.0, 270.0]
[0.0, 92.8125, 185.625, 278.4375]
[0.0, 95.625, 191.25, 286.875]
[0.0, 98.4375, 196.875, 295.3125]
[0.0, 101.25, 202.5, 303.75]
[0.0, 104.0625, 208.125, 312.1875]
[0.0, 106.875, 213.75, 320.625]
[0.0, 109.6875, 219.375, 329.0625]
[0.0, 112.5, 225.0, 337.5]
[0.0, 115.3125, 230.625, 345.9375]
[0.0, 118.125, 236.25, 354.375]
[0.0, 120.9375, 241.875, 2.8125]
[0.0, 123.75, 247.5, 11.25]
[0.0, 126.5625, 253.125, 19.6875]
[0.0, 129.375, 258.75, 28.125]
[0.0, 132.1875, 264.375, 36.5625]
[0.0, 135.0, 270.0, 45.0]
[0.0, 137.8125, 275.625, 53.4375]
[0.0, 140.625, 281.25, 61.875]
[0.0, 143.4375, 286.875, 70.3125]
[0.0, 146.25, 292.5, 78.75]
[0.0, 149.0625, 298.125, 87.1875]
[0.0, 151.875, 303.75, 95.625]
[0.0, 154.6875, 309.375, 104.0625]
[0.0, 157.5, 315.0, 112.5]
[0.0, 160.3125, 320.625, 120.9375]
[0.0, 163.125, 326.25, 129.375]
[0.0, 165.9375, 331.875, 137.8125]
[0.0, 168.75, 337.5, 146.25]
[0.0, 171.5625, 343.125, 154.6875]
[0.0, 174.375, 348.75, 163.125]
[0.0, 177.1875, 354.375, 171.5625]
[0.0, 180.0, 0.0, 180.0]
[0.0, 182.8125, 5.625, 188.4375]
[0.0, 185.625, 11.25, 196.875]
[0.0, 188.4375, 16.875, 205.3125]
[0.0, 191.25, 22.5, 213.75]
[0.0, 194.0625, 28.125, 222.1875]
[0.0, 196.875, 33.75, 230.625]
[0.0, 199.6875, 39.375, 239.0625]
[0.0, 202.5, 45.0, 247.5]
[0.0, 205.3125, 50.625, 255.9375]
[0.0, 208.125, 56.25, 264.375]
[0.0, 210.9375, 61.875, 272.8125]
[0.0, 213.75, 67.5, 281.25]
[0.0, 216.5625, 73.125, 289.6875]
[0.0, 219.375, 78.75, 298.125]
[0.0, 222.1875, 84.375, 306.5625]
[0.0, 225.0, 90.0, 315.0]
[0.0, 132.1875, 264.375, 36.5625]
[0.0, 135.0, 270.0, 45.0]
[0.0, 137.8125, 275.625, 53.4375]
[0.0, 140.625, 281.25, 61.875]
[0.0, 143.4375, 286.875, 70.3125]
[0.0, 146.25, 292.5, 78.75]
[0.0, 149.0625, 298.125, 87.1875]
[0.0, 151.875, 303.75, 95.625]
[0.0, 154.6875, 309.375, 104.0625]
[0.0, 157.5, 315.0, 112.5]
[0.0, 160.3125, 320.625, 120.9375]
[0.0, 163.125, 326.25, 129.375]
[0.0, 165.9375, 331.875, 137.8125]
[0.0, 168.75, 337.5, 146.25]
[0.0, 171.5625, 343.125, 154.6875]
[0.0, 174.375, 348.75, 163.125]
[0.0, 177.1875, 354.375, 171.5625]
[0.0, 180.0, 0.0, 180.0]
[0.0, 182.8125, 5.625, 188.4375]
[0.0, 185.625, 11.25, 196.875]
[0.0, 188.4375, 16.875, 205.3125]
[0.0, 191.25, 22.5, 213.75]
[0.0, 194.0625, 28.125, 222.1875]
[0.0, 196.875, 33.75, 230.625]
[0.0, 199.6875, 39.375, 239.0625]
[0.0, 202.5, 45.0, 247.5]
[0.0, 205.3125, 50.625, 255.9375]
[0.0, 208.125, 56.25, 264.375]
[0.0, 210.9375, 61.875, 272.8125]
[0.0, 213.75, 67.5, 281.25]
[0.0, 216.5625, 73.125, 289.6875]
[0.0, 219.375, 78.75, 298.125]
[0.0, 222.1875, 84.375, 306.5625]
[0.0, 225.0, 90.0, 315.0]
[0.0, 227.8125, 95.625, 323.4375]
[0.0, 230.625, 101.25, 331.875]
[0.0, 233.4375, 106.875, 340.3125]
[0.0, 236.25, 112.5, 348.75]
[0.0, 239.0625, 118.125, 357.1875]
[0.0, 241.875, 123.75, 5.625]
[0.0, 244.6875, 129.375, 14.0625]
[0.0, 247.5, 135.0, 22.5]
[0.0, 250.3125, 140.625, 30.9375]
[0.0, 253.125, 146.25, 39.375]
[0.0, 255.9375, 151.875, 47.8125]
[0.0, 258.75, 157.5, 56.25]
[0.0, 261.5625, 163.125, 64.6875]
[0.0, 264.375, 168.75, 73.125]
[0.0, 267.1875, 174.375, 81.5625]
[0.0, 270.0, 180.0, 90.0]
[0.0, 272.8125, 185.625, 98.4375]
[0.0, 275.625, 191.25, 106.875]
[0.0, 278.4375, 196.875, 115.3125]
[0.0, 281.25, 202.5, 123.75]
[0.0, 284.0625, 208.125, 132.1875]
[0.0, 286.875, 213.75, 140.625]
[0.0, 289.6875, 219.375, 149.0625]
[0.0, 292.5, 225.0, 157.5]
[0.0, 295.3125, 230.625, 165.9375]
[0.0, 298.125, 236.25, 174.375]
[0.0, 300.9375, 241.875, 182.8125]
[0.0, 303.75, 247.5, 191.25]
[0.0, 306.5625, 253.125, 199.6875]
[0.0, 309.375, 258.75, 208.125]
[0.0, 312.1875, 264.375, 216.5625]
[0.0, 315.0, 270.0, 225.0]
[0.0, 317.8125, 275.625, 233.4375]
[0.0, 320.625, 281.25, 241.875]
[0.0, 323.4375, 286.875, 250.3125]
[0.0, 326.25, 292.5, 258.75]
[0.0, 329.0625, 298.125, 267.1875]
[0.0, 331.875, 303.75, 275.625]
[0.0, 334.6875, 309.375, 284.0625]
[0.0, 337.5, 315.0, 292.5]
[0.0, 340.3125, 320.625, 300.9375]
[0.0, 343.125, 326.25, 309.375]
[0.0, 345.9375, 331.875, 317.8125]
[0.0, 348.75, 337.5, 326.25]
[0.0, 351.5625, 343.125, 334.6875]
[0.0, 354.375, 348.75, 343.125]
[0.0, 357.1875, 354.375, 351.5625]
[0.0, 0.0, 0.0, 0.0]